5700
4550
6600
4100
5050
4775
4850
8200
5000
4250
3500
4550
4475
5100
5100
4400
4400
4475
4700
5900
10650
4250
9250
10650
6450
6300
5900
5200
5925
4400
4550
6450
5925
4700
5400
5700
4850
5100
4700
4850
4400
5200
4850
4700
5925
4400
5900
5900
6000
4700
9600
4550
4850
6450
5100
6150
4850
5900
4850
6000
5900
6600
6000
5000
4700
7200
5400
5100
5100
5750
5800
5100
5900
4850
6150
5400
5100
5300
6000
6300
5900
4850
4950
6000
6300
6300
5400
4400
5750
8900
4850
5900
6300
5100
6150
5650
5400
16600
5600
5600
7850
7050
6150
5200
6000
5200
